   0.0000000e+00   6.5018618e+01
   2.0447538e-02   6.5125678e+01
   7.0704666e-02   6.5388795e+01
   1.2021994e-01   6.5647966e+01
   1.6920677e-01   6.5904267e+01
   2.1906527e-01   6.6164979e+01
   2.6914262e-01   6.6426639e+01
   3.1901414e-01   6.6686982e+01
   3.6876432e-01   6.6946409e+01
   4.1855856e-01   6.7205739e+01
   4.6833911e-01   6.7464625e+01
   5.1691536e-01   7.5082362e+01
   5.6651121e-01   7.5339429e+01
   6.1716323e-01   7.5601456e+01
   6.6612441e-01   7.5854198e+01
   7.1591212e-01   7.6110623e+01
   7.6569764e-01   7.6366403e+01
   8.1548196e-01   7.6621500e+01
   8.6526578e-01   7.6875876e+01
   9.1504935e-01   7.7129487e+01
   9.6483279e-01   7.7382291e+01
   1.0151971e+00   7.7046029e+01
   1.0645974e+00   7.7295153e+01
   1.1137204e+00   7.7541967e+01
   1.1640663e+00   7.7793938e+01
   1.2135967e+00   7.8040810e+01
   1.2640258e+00   7.8291083e+01
   1.3133942e+00   7.8534995e+01
   1.3632647e+00   7.8780243e+01
   1.4123176e+00   7.9020309e+01
   1.4622225e+00   7.9263322e+01
   1.5109106e+00   7.3583426e+01
   1.5603901e+00   7.3821836e+01
   1.6103112e+00   7.4061023e+01
   1.6602230e+00   7.4298768e+01
   1.7093833e+00   7.4531528e+01
   1.7588440e+00   7.4764263e+01
   1.8094082e+00   7.5000651e+01
   1.8589439e+00   7.5230680e+01
   1.9090986e+00   7.5461981e+01
   1.9580703e+00   7.5686233e+01
   2.0068574e+00   8.2917070e+01
   2.0561400e+00   8.3139465e+01
   2.1059451e+00   8.3362483e+01
   2.1557206e+00   8.3583589e+01
   2.2055055e+00   8.3802920e+01
   2.2552879e+00   8.4020386e+01
   2.3050713e+00   8.4235965e+01
   2.3548545e+00   8.4449615e+01
   2.4046379e+00   8.4661302e+01
   2.4544212e+00   8.4870989e+01
   2.5032391e+00   8.5264082e+01
   2.5533887e+00   8.5471207e+01
   2.6027966e+00   8.5673181e+01
   2.6532171e+00   8.5877120e+01
   2.7032876e+00   8.6077437e+01
   2.7530453e+00   8.6274290e+01
   2.8019443e+00   8.6465563e+01
   2.8526162e+00   8.6661456e+01
   2.9014951e+00   8.6848153e+01
   2.9512555e+00   8.7035900e+01
   3.0000000e+00   7.7402632e+01
   3.0514760e+00   7.7591926e+01
   3.1008554e+00   7.7771064e+01
   3.1500120e+00   7.7946986e+01
   3.2003629e+00   7.8124661e+01
   3.2499733e+00   7.8297197e+01
   3.3002672e+00   7.8469520e+01
   3.3496549e+00   7.8636174e+01
   3.3987045e+00   7.8799143e+01
   3.4486709e+00   7.8962523e+01
   3.4985674e+00   7.9122994e+01
   3.5474941e+00   8.6951272e+01
   3.5967051e+00   8.7104244e+01
   3.6464580e+00   8.7256172e+01
   3.6968745e+00   8.7407303e+01
   3.7464243e+00   8.7553039e+01
   3.7962394e+00   8.7696737e+01
   3.8451697e+00   8.7835107e+01
   3.8957995e+00   8.7975364e+01
   3.9447161e+00   8.8108031e+01
   3.9944908e+00   8.8240135e+01
   4.0438498e+00   8.7030725e+01
   4.0936697e+00   8.7157068e+01
   4.1434578e+00   8.7280346e+01
   4.1932469e+00   8.7400623e+01
   4.2430319e+00   8.7517865e+01
   4.2928164e+00   8.7632062e+01
   4.3426002e+00   8.7743194e+01
   4.3923837e+00   8.7851244e+01
   4.4421672e+00   8.7956192e+01
   4.4919506e+00   8.8058022e+01
   4.5400911e+00   8.7216761e+01
   4.5898763e+00   8.7312411e+01
   4.6396785e+00   8.7404923e+01
   4.6894935e+00   8.7494271e+01
   4.7392837e+00   8.7580375e+01
   4.7890725e+00   8.7663261e+01
   4.8388578e+00   8.7742914e+01
   4.8886422e+00   8.7819323e+01
   4.9384260e+00   8.7892477e+01
   4.9882096e+00   8.7962365e+01
   5.0364377e+00   8.4212980e+01
   5.0860084e+00   8.4276138e+01
   5.1351320e+00   8.4335498e+01
   5.1851156e+00   8.4392589e+01
   5.2356370e+00   8.4446893e+01
   5.2847373e+00   8.4496384e+01
   5.3345292e+00   8.4543257e+01
   5.3843128e+00   8.4586776e+01
   5.4340974e+00   8.4626943e+01
   5.4838810e+00   8.4663749e+01
   5.5332605e+00   9.3511804e+01
   5.5840613e+00   9.3542480e+01
   5.6338446e+00   9.3569129e+01
   5.6836263e+00   9.3592396e+01
   5.7334094e+00   9.3612279e+01
   5.7831924e+00   9.3628773e+01
   5.8329757e+00   9.3641875e+01
   5.8827589e+00   9.3651584e+01
   5.9325423e+00   9.3657897e+01
   5.9823256e+00   9.3660814e+01
   6.0307264e+00   9.1293947e+01
   6.0801397e+00   9.1290204e+01
   6.1299976e+00   9.1283037e+01
   6.1790239e+00   9.1272669e+01
   6.2289800e+00   9.1258719e+01
   6.2796111e+00   9.1241096e+01
   6.3290127e+00   9.1220523e+01
   6.3788274e+00   9.1196404e+01
   6.4277303e+00   9.1169434e+01
   6.4777489e+00   9.1138479e+01
   6.5269799e+00   9.3314595e+01
   6.5774317e+00   9.3276552e+01
   6.6272121e+00   9.3235636e+01
   6.6769973e+00   9.3191364e+01
   6.7267806e+00   9.3143750e+01
   6.7765642e+00   9.3092800e+01
   6.8263475e+00   9.3038523e+01
   6.8761309e+00   9.2980928e+01
   6.9259143e+00   9.2920025e+01
   6.9756976e+00   9.2855824e+01
   7.0239097e+00   9.1412495e+01
   7.0733203e+00   9.1342376e+01
   7.1234829e+00   9.1267901e+01
   7.1673277e+00   9.1200102e+01
   7.2167367e+00   9.1120688e+01
   7.2666673e+00   9.1037207e+01
   7.3167208e+00   9.0950277e+01
   7.3659058e+00   9.0861708e+01
   7.4152370e+00   9.0769755e+01
   7.4650575e+00   9.0673734e+01
   7.5144006e+00   8.9497439e+01
   7.5638962e+00   8.9395832e+01
   7.6130923e+00   8.9291787e+01
   7.6631349e+00   8.9182848e+01
   7.7135536e+00   8.9069943e+01
   7.7633337e+00   8.8955387e+01
   7.8131185e+00   8.8837779e+01
   7.8629017e+00   8.8717153e+01
   7.9126852e+00   8.8593525e+01
   7.9624685e+00   8.8466918e+01
   8.0109810e+00   7.9716442e+01
   8.0613177e+00   7.9582526e+01
   8.1111090e+00   7.9447129e+01
   8.1608803e+00   7.9308896e+01
   8.2106667e+00   7.9167753e+01
   8.2604491e+00   7.9023778e+01
   8.3102329e+00   7.8876979e+01
   8.3600162e+00   7.8727387e+01
   8.4097996e+00   7.8575025e+01
   8.4595829e+00   7.8419921e+01
   8.5072302e+00   9.1395069e+01
   8.5571587e+00   9.1234201e+01
   8.6068473e+00   9.1071445e+01
   8.6559783e+00   9.0907933e+01
   8.7057398e+00   9.0739734e+01
   8.7562822e+00   9.0566256e+01
   8.8058423e+00   9.0393597e+01
   8.8556633e+00   9.0217510e+01
   8.9054243e+00   9.0039145e+01
   8.9552234e+00   8.9858182e+01
   9.0042227e+00   8.3632710e+01
   9.0544572e+00   8.3445319e+01
   9.1044840e+00   8.3256306e+01
   9.1535691e+00   8.3068558e+01
   9.2030323e+00   8.2877099e+01
   9.2529169e+00   8.2681738e+01
   9.3031163e+00   8.2482876e+01
   9.3533608e+00   8.2281591e+01
   9.4023203e+00   8.2083326e+01
   9.4523303e+00   8.1878675e+01
   9.5000000e+00   7.6974361e+01
   9.5510276e+00   7.6761331e+01
   9.6005365e+00   7.6552601e+01
   9.6496201e+00   7.6343714e+01
   9.6997916e+00   7.6128227e+01
   9.7495550e+00   7.5912562e+01
   9.8000542e+00   7.5691781e+01
   9.8491322e+00   7.5475388e+01
   9.8996174e+00   7.5250952e+01
   9.9494253e+00   7.5027737e+01
   9.9991900e+00   7.4802979e+01
   1.0046058e+01   7.7395100e+01
   1.0095512e+01   7.7168506e+01
   1.0145737e+01   7.6936739e+01
   1.0195747e+01   7.6704367e+01
   1.0244648e+01   7.6475632e+01
   1.0294456e+01   7.6241164e+01
   1.0344218e+01   7.6005445e+01
   1.0394034e+01   7.5768042e+01
   1.0443819e+01   7.5529399e+01
   1.0493607e+01   7.5289395e+01
   1.0543734e+01   7.4017634e+01
   1.0593621e+01   7.3774566e+01
   1.0642731e+01   7.3534086e+01
   1.0692277e+01   7.3290305e+01
   1.0742890e+01   7.3040108e+01
   1.0792294e+01   7.2794793e+01
   1.0842391e+01   7.2544974e+01
   1.0891498e+01   7.2299098e+01
   1.0940889e+01   7.2050841e+01
   1.0990669e+01   7.1799704e+01
   1.1040838e+01   7.7040971e+01
   1.1090013e+01   7.6791172e+01
   1.1139366e+01   7.6539687e+01
   1.1189191e+01   7.6285036e+01
   1.1239577e+01   7.6026791e+01
   1.1289818e+01   7.5768602e+01
   1.1339197e+01   7.5514218e+01
   1.1388994e+01   7.5257102e+01
   1.1438773e+01   7.4999532e+01
   1.1488558e+01   7.4741439e+01
   1.1537510e+01   7.6924150e+01
   1.1587293e+01   7.6665207e+01
   1.1628318e+01   7.6451540e+01
   1.1679048e+01   7.6187018e+01
   1.1728635e+01   7.5928173e+01
   1.1778528e+01   7.5667492e+01
   1.1828305e+01   7.5407216e+01
   1.1878102e+01   7.5146681e+01
   1.1927887e+01   7.4886103e+01
   1.1977672e+01   7.4625457e+01
   1.2026825e+01   6.8744249e+01
   1.2075896e+01   6.8487343e+01
   1.2126317e+01   6.8223443e+01
   1.2176090e+01   6.7963043e+01
   1.2225882e+01   6.7702701e+01
   1.2275666e+01   6.7442606e+01
   1.2325450e+01   6.7182748e+01
   1.2375234e+01   6.6923185e+01
   1.2425017e+01   6.6663955e+01
   1.2474801e+01   6.6405102e+01
   1.2524387e+01   6.6748529e+01
   1.2574675e+01   6.6487946e+01
   1.2623578e+01   6.6235038e+01
   1.2673368e+01   6.5978091e+01
   1.2723180e+01   6.5721628e+01
   1.2772968e+01   6.5465926e+01
   1.2822756e+01   6.5210906e+01
   1.2872541e+01   6.4956629e+01
   1.2922325e+01   6.4703124e+01
   1.2972109e+01   6.4450434e+01
   1.3020774e+01   6.8798681e+01
   1.3070310e+01   6.8548971e+01
   1.3119434e+01   6.8302254e+01
   1.3169489e+01   6.8051845e+01
   1.3219998e+01   6.7800214e+01
   1.3269077e+01   6.7556758e+01
   1.3319569e+01   6.7307416e+01
   1.3369375e+01   6.7062618e+01
   1.3419139e+01   6.6819218e+01
   1.3468924e+01   6.6576954e+01
   1.3517914e+01   5.9064808e+01
   1.3568266e+01   5.8822386e+01
   1.3617941e+01   5.8584582e+01
   1.3667218e+01   5.8350053e+01
   1.3716352e+01   5.8117611e+01
   1.3766748e+01   5.7880688e+01
   1.3816518e+01   5.7648234e+01
   1.3866306e+01   5.7417250e+01
   1.3916088e+01   5.7187888e+01
   1.3965872e+01   5.6960151e+01
   1.4013649e+01   6.4548866e+01
   1.4062970e+01   6.4326518e+01
   1.4112187e+01   6.4106352e+01
   1.4162597e+01   6.3882653e+01
   1.4211751e+01   6.3666328e+01
   1.4261528e+01   6.3449108e+01
   1.4311319e+01   6.3233724e+01
   1.4361103e+01   6.3020302e+01
   1.4410887e+01   6.2808845e+01
   1.4460671e+01   6.2599397e+01
   1.4510896e+01   5.5910946e+01
   1.4560436e+01   5.5706629e+01
   1.4610427e+01   5.5502570e+01
   1.4660239e+01   5.5301395e+01
   1.4709311e+01   5.5105342e+01
   1.4758991e+01   5.4909047e+01
   1.4809625e+01   5.4711287e+01
   1.4859426e+01   5.4519079e+01
   1.4909199e+01   5.4329286e+01
   1.4958984e+01   5.4141797e+01
   1.5007990e+01   5.6243763e+01
   1.5057498e+01   5.6062026e+01
   1.5107933e+01   5.5879367e+01
   1.5157858e+01   5.5701052e+01
   1.5207560e+01   5.5526026e+01
   1.5256609e+01   5.5355774e+01
   1.5306115e+01   5.5186454e+01
   1.5356023e+01   5.5018344e+01
   1.5406151e+01   5.4852140e+01
   1.5456384e+01   5.4688278e+01
   1.5504111e+01   5.1408552e+01
   1.5554153e+01   5.1250616e+01
   1.5603782e+01   5.1096704e+01
   1.5652982e+01   5.0946817e+01
   1.5702750e+01   5.0797955e+01
   1.5753184e+01   5.0649960e+01
   1.5802714e+01   5.0507440e+01
   1.5852536e+01   5.0366927e+01
   1.5901475e+01   5.0231705e+01
   1.5951594e+01   5.0096124e+01
   1.6000000e+01   5.2559485e+01
   1.6051613e+01   5.2425924e+01
   1.6101117e+01   5.2300813e+01
   1.6150947e+01   5.2177858e+01
   1.6199906e+01   5.2059988e+01
   1.6249988e+01   5.1942441e+01
   1.6299455e+01   5.1829365e+01
   1.6349226e+01   5.1718649e+01
   1.6399015e+01   5.1610977e+01
   1.6448798e+01   5.1506423e+01
   1.6498582e+01   5.1404986e+01
   1.6547552e+01   5.0390112e+01
   1.6597142e+01   5.0295282e+01
   1.6647451e+01   5.0202290e+01
   1.6697243e+01   5.0113459e+01
   1.6746113e+01   5.0029385e+01
   1.6796208e+01   4.9946421e+01
   1.6845708e+01   4.9867653e+01
   1.6896156e+01   4.9790677e+01
   1.6946091e+01   4.9717776e+01
   1.6995796e+01   4.9648476e+01
   1.7043359e+01   4.8556296e+01
   1.7092547e+01   4.8494043e+01
   1.7142438e+01   4.8434192e+01
   1.7192883e+01   4.8377059e+01
   1.7242241e+01   4.8324458e+01
   1.7292114e+01   4.8274633e+01
   1.7341172e+01   4.8228892e+01
   1.7391067e+01   4.8185703e+01
   1.7441678e+01   4.8145337e+01
   1.7491156e+01   4.8109231e+01
   1.7540486e+01   4.8887320e+01
   1.7590349e+01   4.8857646e+01
   1.7639762e+01   4.8831583e+01
   1.7689035e+01   4.8808910e+01
   1.7739185e+01   4.8789240e+01
   1.7789482e+01   4.8772967e+01
   1.7838498e+01   4.8760439e+01
   1.7888444e+01   4.8751057e+01
   1.7937611e+01   4.8745161e+01
   1.7988055e+01   4.8742554e+01
   1.8037416e+01   4.6488119e+01
   1.8087215e+01   4.6492336e+01
   1.8137004e+01   4.6499950e+01
   1.8186790e+01   4.6510959e+01
   1.8236575e+01   4.6525360e+01
   1.8286359e+01   4.6543152e+01
   1.8336142e+01   4.6564331e+01
   1.8385926e+01   4.6588895e+01
   1.8435709e+01   4.6616838e+01
   1.8485492e+01   4.6648156e+01
   1.8532781e+01   5.3389658e+01
   1.8583185e+01   5.3428034e+01
   1.8632461e+01   5.3468880e+01
   1.8682793e+01   5.3513989e+01
   1.8732589e+01   5.3561981e+01
   1.8782368e+01   5.3613291e+01
   1.8832153e+01   5.3667933e+01
   1.8881935e+01   5.3725891e+01
   1.8931719e+01   5.3787155e+01
   1.8981502e+01   5.3851717e+01
   1.9030139e+01   4.8965281e+01
   1.9079652e+01   4.9035932e+01
   1.9129568e+01   4.9110426e+01
   1.9179412e+01   4.9188071e+01
   1.9228565e+01   4.9267817e+01
   1.9278099e+01   4.9351360e+01
   1.9328653e+01   4.9439899e+01
   1.9378532e+01   4.9530483e+01
   1.9428199e+01   4.9623854e+01
   1.9477305e+01   4.9719264e+01
   1.9527356e+01   5.1983324e+01
   1.9577586e+01   5.2087258e+01
   1.9626529e+01   5.2191578e+01
   1.9676557e+01   5.2301300e+01
   1.9725731e+01   5.2412177e+01
   1.9775993e+01   5.2528588e+01
   1.9825634e+01   5.2646598e+01
   1.9875973e+01   5.2769331e+01
   1.9925312e+01   5.2892599e+01
   1.9974380e+01   5.3018087e+01
   2.0024360e+01   4.9912399e+01
   2.0074652e+01   5.0046966e+01
   2.0123556e+01   5.0180667e+01
   2.0173345e+01   5.0319651e+01
   2.0223157e+01   5.0461560e+01
   2.0272945e+01   5.0606242e+01
   2.0316759e+01   5.0735892e+01
   2.0367164e+01   5.0887718e+01
   2.0417072e+01   5.1040842e+01
   2.0465887e+01   5.1193275e+01
   2.0513357e+01   5.9279964e+01
   2.0563709e+01   5.9442522e+01
   2.0613500e+01   5.9605946e+01
   2.0663281e+01   5.9771971e+01
   2.0713065e+01   5.9940609e+01
   2.0762849e+01   6.0111821e+01
   2.0812632e+01   6.0285580e+01
   2.0862415e+01   6.0461856e+01
   2.0912199e+01   6.0640619e+01
   2.0961982e+01   6.0821840e+01
   2.1010640e+01   5.2831027e+01
   2.1059573e+01   5.3013820e+01
   2.1109439e+01   5.3202447e+01
   2.1159078e+01   5.3392537e+01
   2.1208979e+01   5.3585940e+01
   2.1258641e+01   5.3780678e+01
   2.1308454e+01   5.3978240e+01
   2.1353169e+01   5.4157459e+01
   2.1402997e+01   5.4359239e+01
   2.1452794e+01   5.4563028e+01
   2.1500000e+01   5.1461290e+01
   2.1550786e+01   5.1673290e+01
   2.1600806e+01   5.1884163e+01
   2.1649981e+01   5.2093437e+01
   2.1700248e+01   5.2309338e+01
   2.1749886e+01   5.2524459e+01
   2.1800220e+01   5.2744516e+01
   2.1849564e+01   5.2962080e+01
   2.1898630e+01   5.3180185e+01
   2.1949047e+01   5.3406090e+01
   2.1998819e+01   5.3630858e+01
   2.2047538e+01   6.5227042e+01
   2.2097322e+01   6.5455189e+01
   2.2147105e+01   6.5684955e+01
   2.2196889e+01   6.5916307e+01
   2.2246672e+01   6.6149204e+01
   2.2296455e+01   6.6383606e+01
   2.2346239e+01   6.6619474e+01
   2.2396022e+01   6.6856768e+01
   2.2445805e+01   6.7095448e+01
   2.2495589e+01   6.7335472e+01
   2.2542604e+01   6.7209772e+01
   2.2592534e+01   6.7453011e+01
   2.2642648e+01   6.7698385e+01
   2.2691852e+01   6.7940468e+01
   2.2741130e+01   6.8184031e+01
   2.2790945e+01   6.8431349e+01
   2.2840724e+01   6.8679540e+01
   2.2890510e+01   6.8928789e+01
   2.2940294e+01   6.9178993e+01
   2.2990077e+01   6.9430132e+01
   2.3040545e+01   7.1441288e+01
   2.3089919e+01   7.1692089e+01
   2.3139182e+01   7.1943110e+01
   2.3189432e+01   7.2199924e+01
   2.3239730e+01   7.2457718e+01
   2.3289257e+01   7.2712231e+01
   2.3338661e+01   7.2966729e+01
   2.3387766e+01   7.3220260e+01
   2.3438126e+01   7.3480820e+01
   2.3487662e+01   7.3737617e+01
   2.3537225e+01   7.0930809e+01
   2.3586353e+01   7.1186341e+01
   2.3636557e+01   7.1447835e+01
   2.3686266e+01   7.1707072e+01
   2.3736702e+01   7.1970387e+01
   2.3785943e+01   7.2227698e+01
   2.3836295e+01   7.2491005e+01
   2.3886090e+01   7.2751547e+01
   2.3935869e+01   7.3012110e+01
   2.3985653e+01   7.3272756e+01
   2.4000000e+01   7.1335820e+01
